200
1 449 371
2 919 908
3 352 483
4 164 230
5 645 198
6 538 267
7 645 83
8 622 10
9 533 662
10 297 296
11 384 686
12 803 194
13 703 767
14 553 875
15 14 233
16 797 411
17 605 112
18 149 393
19 388 533
20 334 2
21 570 237
22 842 995
23 416 57
24 919 467
25 89 686
26 451 604
27 421 109
28 293 156
29 22 94
30 246 439
31 290 512
32 751 295
33 139 820
34 820 918
35 948 131
36 802 323
37 149 461
38 445 300
39 768 892
40 605 267
41 500 832
42 754 388
43 938 124
44 430 430
45 838 817
46 361 56
47 64 306
48 443 565
49 764 935
50 581 843
51 495 134
52 361 225
53 716 310
54 787 47
55 814 390
56 432 890
57 78 110
58 167 136
59 422 508
60 580 136
61 167 98
62 340 798
63 928 557
64 46 638
65 161 193
66 703 319
67 615 540
68 649 147
69 504 360
70 5 587
71 857 637
72 694 687
73 638 287
74 344 127
75 555 19
76 889 804
77 528 855
78 15 530
79 826 427
80 746 338
81 744 699
82 459 219
83 242 870
84 852 937
85 321 252
86 394 761
87 787 635
88 465 723
89 502 730
90 335 129
91 63 170
92 812 831
93 179 682
94 144 908
95 589 59
96 38 896
97 201 851
98 207 974
99 737 325
100 698 548
101 407 456
102 946 504
103 74 599
104 433 166
105 420 177
106 884 471
107 331 618
108 886 260
109 414 466
110 185 75
111 403 508
112 498 185
113 422 186
114 77 809
115 740 319
116 762 876
117 273 277
118 582 241
119 615 496
120 60 823
121 953 427
122 965 737
123 863 769
124 654 73
125 194 695
126 521 736
127 570 584
128 247 484
129 101 769
130 821 667
131 83 486
132 92 456
133 168 852
134 149 652
135 658 208
136 356 446
137 628 112
138 876 766
139 515 481
140 740 358
141 518 153
142 465 82
143 747 542
144 180 714
145 599 798
146 885 821
147 182 672
148 888 696
149 845 451
150 423 208
151 267 366
152 872 892
153 943 696
154 217 727
155 262 593
156 849 380
157 892 528
158 256 866
159 13 854
160 41 434
161 316 538
162 415 263
163 804 407
164 55 718
165 253 108
166 341 406
167 466 514
168 777 425
169 432 243
170 906 739
171 433 856
172 691 507
173 786 268
174 62 327
175 730 672
176 583 149
177 156 86
178 714 544
179 374 202
180 648 208
181 619 221
182 69 765
183 558 948
184 709 716
185 833 417
186 633 19
187 780 8
188 60 586
189 409 725
190 980 498
191 680 668
192 173 699
193 455 137
194 15 241
195 900 553
196 963 798
197 438 328
198 633 598
199 505 412
200 927 846
