162
1 86 533
2 1031 1429
3 707 1242
4 587 902
5 6 430
6 1246 300
7 723 535
8 1448 958
9 559 111
10 569 1315
11 1371 571
12 1113 58
13 253 1037
14 903 467
15 1031 162
16 51 1230
17 913 664
18 1220 298
19 770 384
20 187 665
21 694 466
22 1174 306
23 334 1271
24 636 495
25 544 756
26 862 1158
27 1341 169
28 781 953
29 1376 629
30 1320 53
31 505 544
32 1436 1155
33 718 848
34 590 1284
35 913 188
36 762 843
37 846 1146
38 334 1104
39 742 832
40 168 1160
41 360 226
42 623 10
43 731 274
44 567 1088
45 240 1131
46 912 1462
47 1089 142
48 897 182
49 150 1333
50 821 1200
51 1355 454
52 261 1360
53 1151 1329
54 872 282
55 303 341
56 1060 133
57 1426 720
58 1321 1428
59 1223 792
60 403 89
61 1188 1168
62 1159 482
63 1218 1340
64 1205 1308
65 1168 164
66 865 418
67 744 967
68 599 279
69 608 438
70 601 23
71 302 906
72 679 467
73 706 968
74 892 295
75 1431 116
76 608 456
77 876 268
78 1276 855
79 292 738
80 326 944
81 1276 787
82 409 1029
83 657 689
84 503 1073
85 1029 535
86 373 196
87 449 1083
88 14 1158
89 281 1065
90 544 484
91 359 318
92 624 1098
93 504 720
94 752 646
95 67 116
96 538 100
97 1023 1215
98 1146 722
99 1329 69
100 820 1085
101 1270 1475
102 276 997
103 387 681
104 674 37
105 201 403
106 1417 891
107 509 455
108 973 563
109 1085 1446
110 507 913
111 1300 1238
112 10 232
113 536 257
114 1468 636
115 1425 1040
116 1055 1336
117 464 214
118 901 645
119 1413 650
120 616 1149
121 1369 778
122 1458 739
123 743 29
124 1300 1074
125 674 204
126 1269 504
127 638 84
128 298 1169
129 1487 855
130 1075 1204
131 571 676
132 528 986
133 1358 272
134 809 348
135 25 1463
136 959 1141
137 226 746
138 49 1437
139 885 262
140 1173 1496
141 1407 1313
142 466 791
143 658 1047
144 1273 183
145 1093 751
146 867 186
147 57 75
148 447 566
149 977 305
150 796 376
151 1414 1272
152 902 570
153 298 1499
154 876 1256
155 221 1088
156 208 332
157 1429 192
158 762 1401
159 630 305
160 1465 1113
161 649 320
162 1211 525
